11111111111111111111111111111111
11111111111111111111111111111111
11111111111111111111111111111111
11111111111111111111111111111111
11111111111111111111111111111111
11111111111111111111111111111111
11111111111111111111111111111111
11111011111111111111111111111111
11111001111111111111111111111111
11111000000111111111111111111111
11111000000110111111111111111111
11111000001111011111111111111111
11111000001111011111111111111111
11111000011111101111111111111111
11111000111111101111111111111111
11111000111111111111111111111111
11111001111111111111111111111111
11111001111111111111111111111111
11110001111111111111111111111111
11110001111111111111111111111111
11110001111111111111111111111111
11110001111111111111111111111111
11110001111111111111111111111111
11110001111111111111111111111111
11110001111111111110111111111111
11110001111111111111111111111111
11110001111111111111111111111111
11110000111111111110111111111111
11100000011111111110111111111111
11100000011111111110011111111111
11100000011111111100011111111111
11100000011111111100011111111111
11100000011111111100001111111111
11100000001111111100001111111111
11100000001111111100001111111111
11100000001111111100001111111111
11100000001111111100000111111111
11100000001111111100000111111111
11110000001111111100000111111111
11110000011101111100100011111111
11110000011111111100000011111111
11110000111111111100000011111111
11110001111111111100000011111111
11110011111111111100000001111111
11110001111111111100000001111111
11110001110111111100000001111111
11110001110111111110000001111111
11110001111011111110000001111111
11111001111011111110000001111111
11111001111111111110000001111111
11111001111111111110000001111111
11111000111111111110000001111111
11111000000011111110000001111111
11111000000001111110000001111111
11111000000000111110000001111111
11111000000000011110000001111111
11111000000000011110000001111111
11111000000000001110000001111111
11111000000000001111000001111111
11111000000000001111100001111111
11111000000000001101100011111111
11111000000000001100110001111111
11111000000000001100010001111111
11111000000000001100011001111111
11111000000000011100001001111111
11111000000001111100000101111111
11111001111111111100000101111111
11111001111111111101000011111111
11111001111111111111100011111111
11111101111111111111100011111111
11111101111111111111100001111111
11111101111111111111100001111111
11111101111111111111100001111111
11111101111111111111100001111111
11111100111111111111100001111111
11111100111111111111000001111111
11111100111111111111000001111111
11111100111111111111000001111111
11111110111111111111000001111111
11111110111111111111100001111111
11111110111111111111100001111111
11111110111111111111100001111111
11111110111111111111100001100111
11111110011111111111110001100111
11111110011111111111110001000111
11111110011111111111110001000111
11111110011111111111110001000111
11111110011100011111111000000111
11111111011100001111111000100111
11111111011100000011111000100111
11111111011110000000111000100111
11111111011110000000111001100111
11111111001110000000111001100111
11111111001111000000111001100111
11111111001111100000111001100111
11111111001111111000111001000111
11111111001111111100111010000111
11111111000111111111111010000111
11111111000101111111111010000111
11111111100000111111111011100111
11111111100000011111111111100111
11111111100000011111111101100111
11111111100000001111111101100111
11111111100000000011111101100111
11111111100000000001111101000111
11111111100000000000111100000111
11111111100000000000111100000111
11111111100000000000111100000111
11111111100000000000111111100111
11111111100000000000111111100111
11111111100000000000111111100111
11111111110000000000111111100111
11111111110000000011111111100111
11111111111001111111111111100111
11111111111111111111111111100111
11111111111111111111111111000111
11111111111111111111111110001111
11111111111111111111111110001111
11111111111111111111111100001111
11111111111111111111111100001111
11111111111111111111111110001111
11111111111111111111111111111111
11111111111111111111111111111111
11111111111111111111111111111111
11111111111111111111111111111111
11111111111111111111111111111111
11111111111111111111111111111111
11111111111111111111111111111111
